# XDI/1.0 MX/2.0
# Beamline.name: xf05id
# Facility.name: NSLS-II
# Facility.ring_current:149.748440225
# Scan.start.uid: 7d88fad7-2ac3-4b59-b443-8a6f184ed1e0
# Scan.start.time: 1456332750.0441597
# Scan.start.ctime: Wed Feb 24 11:52:30 2016
# Mono.name: Si 111
# sample.name: Fe foil
# Column.1: energy_energy
# Column.2: saturn_mca_rois_roi0_net_count
# Column.3: saturn_mca_rois_roi0_count
# Column.4: current_preamp_ch0
# Column.5: current_preamp_ch1
# energy_energy	saturn_mca_rois_roi0_net_count	saturn_mca_rois_roi0_count	current_preamp_ch0	current_preamp_ch1	scaled_current_preamp_ch0	scaled_current_preamp_ch1	
7.091999549071122	-2747.0	738.0	1.1496e-07	3.4852e-08	2.156	11.8148	
7.093000899179669	-2595.0	809.0	1.1496e-07	3.4852e-08	2.156	11.8148	
7.093996038926647	-2534.0	678.0	1.1537e-07	3.4581e-08	2.197	11.8419	
7.095001230327827	-3023.0	764.0	1.154e-07	3.4412e-08	2.2	11.8588	
7.096000209710957	-2469.0	703.0	1.154e-07	3.4412e-08	2.2	11.8588	
7.0969994823419205	-2677.0	808.0	1.1538e-07	3.4775e-08	2.198	11.8225	
7.097999048347967	-2722.0	702.0	1.1536e-07	3.5053e-08	2.196	11.7947	
7.098998907856425	-2773.0	855.0	1.1539e-07	3.5002e-08	2.199	11.7998	
7.100002319302433	-2608.0	806.0	1.1564e-07	3.5002e-08	2.224	11.7998	
7.100999507890263	-2780.0	805.0	1.1575e-07	3.4955e-08	2.235	11.8045	
7.102000248670668	-2611.0	722.0	1.1603e-07	3.5056e-08	2.263	11.7944	
7.103001283463537	-2645.0	740.0	1.163e-07	3.4845e-08	2.29	11.8155	
7.103999350261172	-2446.0	827.0	1.1638e-07	3.5123e-08	2.298	11.7877	
7.105000972503398	-2421.0	832.0	1.1667e-07	3.5222e-08	2.327	11.7778	
7.106002889140985	-2604.0	810.0	1.1667e-07	3.5222e-08	2.327	11.7778	
7.106998570285534	-2396.0	816.0	1.1715e-07	3.5122e-08	2.375	11.7878	
7.108001074177711	-2103.0	847.0	1.1786e-07	3.5269e-08	2.446	11.7731	
7.109000605924543	-1940.0	918.0	1.1862e-07	3.5289e-08	2.522	11.7711	
7.110000430659524	-2225.0	1068.0	1.2018e-07	3.5456e-08	2.678	11.7544	
7.111000548509619	-1632.0	1630.0	1.2371e-07	3.5364e-08	3.031	11.7636	
7.112000959601867	-1513.0	2233.0	1.3327e-07	3.5477e-08	3.987	11.7523	
7.113001664063382	-643.0	2477.0	1.4608e-07	3.5281e-08	5.268	11.7719	
7.113999390308055	-13.0	2753.0	1.5334e-07	3.5443e-08	5.994	11.7557	
7.115000680929981	-550.0	3005.0	1.5768e-07	3.5429e-08	6.428	11.7571	
7.115998991672439	-598.0	3028.0	1.6124e-07	3.5271e-08	6.784	11.7729	
7.117000868962444	-125.0	3017.0	1.6124e-07	3.5271e-08	6.784	11.7729	
7.118003040257555	-256.0	3138.0	1.6252e-07	3.55e-08	6.912	11.75	
7.1189989526684965	289.0	3562.0	1.6613e-07	3.55e-08	7.273	11.75	
7.119998432967334	678.0	3660.0	1.7097e-07	3.5157e-08	7.757	11.7843	
7.121001484156613	611.0	3834.0	1.7515e-07	3.5264e-08	8.175	11.7736	
7.12200155047308	782.0	4196.0	1.8111e-07	3.5103e-08	8.771	11.7897	
7.122998629164755	887.0	4069.0	1.8111e-07	3.5103e-08	8.771	11.7897	
7.124002561390679	919.0	4292.0	1.8224e-07	3.513e-08	8.884	11.787	
7.125000223979977	1399.0	4298.0	1.8327e-07	3.5006e-08	8.987	11.7994	
7.1259981777496195	1095.0	4388.0	1.8478e-07	3.4879e-08	9.138	11.8121	
7.126999707007001	1064.0	4548.0	1.8419e-07	3.5035e-08	9.079	11.7965	
7.128001529616979	778.0	4556.0	1.8527e-07	3.4962e-08	9.187	11.8038	
7.129000359600394	1119.0	4564.0	1.8703e-07	3.5028e-08	9.363	11.7972	
7.129999481268013	1657.0	4578.0	1.8753e-07	3.5018e-08	9.413	11.7982	
7.1309988947457725	923.0	4730.0	1.8813e-07	3.4926e-08	9.473	11.8074	
7.131998600159686	1374.0	4626.0	1.8744e-07	3.5156e-08	9.404	11.7844	
7.132998597635837	1781.0	4643.0	1.8744e-07	3.5156e-08	9.404	11.7844	
7.133998887300383	1438.0	4367.0	1.8601e-07	3.5315e-08	9.261	11.7685	
7.134999469279551	1466.0	4557.0	1.8694e-07	3.4843e-08	9.354	11.8157	
7.136003636532424	1968.0	4544.0	1.8629e-07	3.4999e-08	9.289	11.8001	
7.137001510687044	1588.0	4488.0	1.8619e-07	3.517e-08	9.279	11.783	
7.1379996756129644	1451.0	4380.0	1.8633e-07	3.4894e-08	9.293	11.8106	
7.139001427150948	1613.0	4512.0	1.8576e-07	3.5101e-08	9.236	11.7899	
7.140000174956046	1309.0	4521.0	1.8719e-07	3.4527e-08	9.379	11.8473	
7.140999213908902	1462.0	4464.0	1.8747e-07	3.4713e-08	9.407	11.8287	
7.141998544135009	1741.0	4521.0	1.877e-07	3.4786e-08	9.43	11.8214	
7.143001465323787	1683.0	4571.0	1.8765e-07	3.4751e-08	9.425	11.8249	
7.144001379435503	1211.0	4373.0	1.8754e-07	3.4588e-08	9.414	11.8412	
7.145001585197796	1695.0	4483.0	1.8705e-07	3.4927e-08	9.365	11.8073	
7.145998780284347	1572.0	4652.0	1.8705e-07	3.4927e-08	9.365	11.8073	
7.146999568761637	1580.0	4550.0	1.8694e-07	3.5098e-08	9.354	11.7902	
7.148000649266653	1603.0	4401.0	1.884e-07	3.4777e-08	9.5	11.8223	
7.148998716584487	2096.0	4621.0	1.8869e-07	3.4779e-08	9.529	11.8221	
7.150000380558199	1302.0	4504.0	1.888e-07	3.4648e-08	9.54	11.8352	
7.150999029669645	1521.0	4601.0	1.888e-07	3.4648e-08	9.54	11.8352	
7.152001277614966	1730.0	4621.0	1.8954e-07	3.4541e-08	9.614	11.8459	
7.153000509021565	1898.0	4565.0	1.8942e-07	3.4726e-08	9.602	11.8274	
7.153996721125897	2091.0	4596.0	1.8909e-07	3.4606e-08	9.569	11.8394	
7.154999844522498	2050.0	4535.0	1.8875e-07	3.4559e-08	9.535	11.8441	
7.155999948867281	1918.0	4708.0	1.8875e-07	3.4559e-08	9.535	11.8441	
7.157000344442024	1895.0	4552.0	1.897e-07	3.4474e-08	9.63	11.8526	
7.1580010313721285	1962.0	4558.0	1.8942e-07	3.4381e-08	9.602	11.8619	
7.1590020097830696	1560.0	4711.0	1.8946e-07	3.4745e-08	9.606	11.8255	
7.159999963855431	2076.0	4736.0	1.8946e-07	3.4745e-08	9.606	11.8255	
7.161001524638552	2566.0	4545.0	1.897e-07	3.4455e-08	9.63	11.8545	
7.162000059404356	2149.0	4634.0	1.8943e-07	3.4734e-08	9.603	11.8266	
7.162998884222324	1609.0	4618.0	1.8893e-07	3.4561e-08	9.553	11.8439	
7.164001319019729	1868.0	4555.0	1.8904e-07	3.4545e-08	9.564	11.8455	
7.1650007252805334	1936.0	4573.0	1.8923e-07	3.441e-08	9.583	11.859	
7.166000421967898	1938.0	4493.0	1.8923e-07	3.441e-08	9.583	11.859	
7.167000409206629	2006.0	4571.0	1.8908e-07	3.4252e-08	9.568	11.8748	
7.168000687121603	1864.0	4476.0	1.8901e-07	3.4303e-08	9.561	11.8697	
7.169001255837765	1919.0	4475.0	1.8898e-07	3.4181e-08	9.558	11.8819	
7.169998789883243	2297.0	4601.0	1.8851e-07	3.4255e-08	9.511	11.8745	
7.170999939609753	2388.0	4531.0	1.8851e-07	3.4255e-08	9.511	11.8745	
7.172001380512303	2086.0	4429.0	1.8886e-07	3.4319e-08	9.546	11.8681	
7.1729997842197495	2042.0	4466.0	1.879e-07	3.4469e-08	9.45	11.8531	
7.17399847742019	1929.0	4464.0	1.8842e-07	3.4515e-08	9.502	11.8485	
7.175000790664925	2270.0	4533.0	1.8811e-07	3.4459e-08	9.471	11.8541	
7.176000064189836	1862.0	4296.0	1.8811e-07	3.4459e-08	9.471	11.8541	
7.176999627580767	1940.0	4435.0	1.8772e-07	3.454e-08	9.432	11.846	
7.17799948096206	1988.0	4432.0	1.8721e-07	3.4709e-08	9.381	11.8291	
7.178999624458135	2229.0	4400.0	1.873e-07	3.4493e-08	9.39	11.8507	
7.1799967229321	2135.0	4317.0	1.8722e-07	3.4571e-08	9.382	11.8429	
7.180997446063183	2002.0	4497.0	1.8748e-07	3.4652e-08	9.408	11.8348	
7.181998459682307	2049.0	4484.0	1.873e-07	3.4352e-08	9.39	11.8648	
7.182999763914173	2107.0	4340.0	1.871e-07	3.4687e-08	9.37	11.8313	
7.184001358883555	2381.0	4511.0	1.8737e-07	3.448e-08	9.397	11.852	
7.184999904612564	2129.0	4473.0	1.8754e-07	3.452e-08	9.414	11.848	
7.186002080461415	2015.0	4349.0	1.8754e-07	3.452e-08	9.414	11.848	
7.187001205381869	2281.0	4474.0	1.8807e-07	3.471e-08	9.467	11.829	
7.18800061960047	2280.0	4321.0	1.883e-07	3.4665e-08	9.49	11.8335	
7.1890003232411015	2442.0	4412.0	1.8864e-07	3.4722e-08	9.524	11.8278	
7.190000316427716	2302.0	4545.0	1.8844e-07	3.4781e-08	9.504	11.8219	
7.191000599284339	2463.0	4483.0	1.8878e-07	3.4806e-08	9.538	11.8194	
7.192004518818256	2778.0	4426.0	1.8849e-07	3.4807e-08	9.509	11.8193	
